263a81f7641e3e94d9c9fce271e2af6a 0 0 0 0 0 0 0 0 1 0 0 0 0 0 0
033ff76227ffb160868813782a3c3a1a 0 0 0 0 0 0 0 0 1 0 0 0 0 0 0
55c18a4388ce0880ed2cea002d2c18e8 0 0 0 0 0 0 0 0 1 0 0 0 0 0 0
10fa57a7b3532d96bcf34f2dd9c4b4f1 0 0 0 0 0 0 0 0 1 0 0 0 0 0 0
131a5aebed48ad2591a6c20f30eec857 0 0 0 0 0 0 0 0 1 0 0 0 0 0 0
4d08dd43be2d1dbf38fab2f5120cc1f8 0 0 0 0 0 0 0 0 1 0 0 0 0 0 0
202cdbe91ad9e9d4e99be4b09611fa84 0 0 0 0 0 0 0 0 1 0 0 0 0 0 0
2f23b99eea815fe9633b1a072218920b 0 0 0 0 0 0 0 0 1 0 0 0 0 0 0
53b316dff927c4d041ff2f3184bab6cb 0 0 0 0 0 0 0 0 1 0 0 0 0 0 0
0304212405f7474d54f89d76f3d8912b 0 0 0 0 0 0 0 0 1 0 0 0 0 0 0
01bf848a4608ddd0988f173bd1a4c849 0 0 0 0 0 0 0 0 1 0 0 0 0 0 0
000434271f63a053c4128a0ba6352c7f 0 0 0 0 0 0 0 0 1 0 0 0 0 0 0
07f9314c9eec5959eafb3c511ac97cc8 0 0 0 0 0 0 0 0 1 0 0 0 0 0 0
3d0f66e908f56bc5a09dc479a408eea5 0 0 0 0 0 0 0 0 1 0 0 0 0 0 0
28f6a0737de107506c128fed4313e109 0 0 0 0 0 0 0 0 1 0 0 0 0 0 0
46efe0cc72d00f009b4d6e81c40caa2d 0 0 0 0 0 0 0 0 1 0 0 0 0 0 0
4073cfd56d5ed0cb3dd2c1680d9361ee 0 0 0 0 0 0 0 0 1 0 0 0 0 0 0
09db1fa1b7d13702536a3d244e2e086e 0 0 0 0 0 0 0 0 1 0 0 0 0 0 0
0df039cf0cc8aaf508ef16c5488c52e1 0 0 0 0 0 0 0 0 1 0 0 0 0 0 0
2e400d384acd12f3569df70ad088af11 0 0 0 0 0 0 0 0 1 0 0 0 0 0 0
5298eaa148b15070786b0ec4ae41a933 0 0 0 0 0 0 0 0 1 0 0 0 0 0 0
2b3a09923dd40a6874d3ee54773575ed 0 0 0 0 0 0 0 0 1 0 0 0 0 0 0
0b8c73a84bc8b5f1a11b27619c1bd8a3 0 0 0 0 0 0 0 0 1 0 0 0 0 0 0
4d382aae3f8589c113589533ffdb3545 0 0 0 0 0 0 0 0 1 0 0 0 0 0 0
3d0d40df6ca457cffd70889b40439022 0 0 0 0 0 0 0 0 1 0 0 0 0 0 0
56e20d0fd42340b7d9e10a381a5bcd5b 0 0 0 0 0 0 0 0 1 0 0 0 0 0 0
4c36c53b6c25b8d65baff1aefb8de7f2 0 0 0 0 0 0 0 0 1 0 0 0 0 0 0
2ae44a028bd7146e2ce74718860ff663 0 0 0 0 0 0 0 0 1 0 0 0 0 0 0
10498c5c45827c22489639065f90d70b 0 0 0 0 0 0 0 0 1 0 0 0 0 0 0
4eb6a773c0437191d406e4c7592b298c 0 0 0 0 0 0 0 0 1 0 0 0 0 0 0
1be14d718a03e0faf08e7c7d306f8553 0 0 0 0 0 0 0 0 1 0 0 0 0 0 0
06fb5119d9b405dc7f26140820025e73 0 0 0 0 0 0 0 0 1 0 0 0 0 0 0
175dd25f8545cd2037c05f5819f9198f 0 0 0 0 0 0 0 0 1 0 0 0 0 0 0
21f44f20424e41b27990d3a546aea659 0 0 0 0 0 0 0 0 1 0 0 0 0 0 0
25ffa0f11c7bdf9a9d6e48a92379b049 0 0 0 0 0 0 0 0 1 0 0 0 0 0 0
54b776c1c57573abd6484945cd19f70f 0 0 0 0 0 0 0 0 1 0 0 0 0 0 0
31449e7891efb4f8be8f7d76bf247914 0 0 0 0 0 0 0 0 1 0 0 0 0 0 0
4d179456845adcf2c3a47513f89e2f7c 0 0 0 0 0 0 0 0 1 0 0 0 0 0 0
3abdd629a7f516b06656587804ef1f0c 0 0 0 0 0 0 0 0 1 0 0 0 0 0 0
549ae7f057e9a4197918cfd25f13bfb6 0 0 0 0 0 0 0 0 1 0 0 0 0 0 0
04d8c516c82ccf6d54c4f4ade2cd9417 0 0 0 0 0 0 0 0 1 0 0 0 0 0 0
32bb66e6cb8800c62203a1db2f58834d 0 0 0 0 0 0 0 0 1 0 0 0 0 0 0
08eae737d6de0db70d4bcb02b799cd02 0 0 0 0 0 0 0 0 1 0 0 0 0 0 0
120d75c31017768a3d4e4b8de6f31239 0 0 0 0 0 0 0 0 1 0 0 0 0 0 0
28050539aedc73d0255fe5760e7f1565 0 0 0 0 0 0 0 0 1 0 0 0 0 0 0
146cd3e86d2e362391779dc7830254c0 0 0 0 0 0 0 0 0 1 0 0 0 0 0 0
33bfefddbcc3ffb6ccfac10b9fd63afc 0 0 0 0 0 0 0 0 1 0 0 0 0 0 0
4f9a2032d0ace1ed3e85acffa6272a8a 0 0 0 0 0 0 0 0 1 0 0 0 0 0 0
27689b23167e89e1142f6fa265921a3a 0 0 0 0 0 0 0 0 1 0 0 0 0 0 0
25760e8cc791f5cbc47aef7ad5655116 0 0 0 0 0 0 0 0 1 0 0 0 0 0 0
20c912c5a00f426f19d54272bd2b4fcd 0 0 0 0 0 0 0 0 1 0 0 0 0 0 0
1d20e1e5265fd1be193171a71190cd9e 0 0 0 0 0 0 0 0 1 0 0 0 0 0 0
1042eb8ffeadf2c7f54f7e776a449b05 0 0 0 0 0 0 0 0 1 0 0 0 0 0 0
2162cbf3127612dcfed53a45f756b550 0 0 0 0 0 0 0 0 1 0 0 0 0 0 0
273ac6831e70b8035615da2884cb78b3 0 0 0 0 0 0 0 0 1 0 0 0 0 0 0
3eaab50f6e8eb3229e752d546e41979b 1 0 0 0 0 1 0 0 0 0 1 0 0 0 0
129a1e7753432edd052a2cdbfbaee00e 1 0 0 1 0 1 0 1 0 0 0 0 1 0 1
3c63e58fcda26e02fdd6619515399985 0 1 0 0 1 0 0 1 0 0 0 1 1 1 0
0e8d3736396b615c0798033f37e4a481 0 0 0 0 1 1 0 1 0 0 1 1 1 1 1
04fbba5834f2abd713e66b3d0e6a678e 1 0 0 1 0 0 0 0 0 0 0 0 1 0 0
30303a4b9ba969bea4e676cbd4a2496c 0 0 1 0 0 0 0 0 0 1 0 0 1 0 1
0fd981034f74251d4a5d72891940d585 1 0 0 1 0 0 0 0 0 0 0 0 1 0 0
2dae0b56a64f3708706e63711d970243 0 0 0 0 0 1 0 1 0 0 0 1 1 0 0
24051b6c68ac93e887c70b671d9197cb 1 0 0 1 0 0 1 0 0 0 0 0 0 0 1
36d12290ed702e358cabe1d85657dafb 1 0 1 1 0 0 0 1 0 1 0 0 1 0 1
1fec989e95cea875cef982129f8e9097 1 0 1 0 0 0 0 0 0 0 1 0 0 0 1
14fcb6bd9c455b96a9c5f1a7b1229001 1 0 0 1 0 0 0 0 0 0 0 0 0 0 0
43a9edf6cea5fec0b63f8a6d9e2a50d7 1 0 0 0 0 1 0 0 0 0 0 1 1 0 1
2016c404039deb1d04073250fa84a328 1 0 0 1 0 0 0 0 0 0 0 0 0 0 0
0e6da52d629393b3bcf24d8e99c1ea3f 0 0 1 0 0 0 0 0 0 1 1 0 0 0 1
53023065af5f5dbdc581ae1d01c707ba 0 0 0 0 0 0 0 0 0 0 1 0 0 0 1
3ee674202cc0887b7b43db270ca54555 0 0 0 0 0 0 1 1 0 0 0 0 0 0 1
05d676834dbed1639cb5eea70c1e307b 0 0 0 0 1 0 0 1 0 0 1 0 1 1 1
31ffa866e091965da25a408b4cc7d0db 0 0 0 0 0 0 0 1 0 0 0 1 0 1 0
17381ffc2b43778487e782dbb5cb963a 1 0 0 1 0 0 0 1 0 0 0 1 1 0 0
1070b419b62a9b7b1a8e71cd9504ffb8 0 0 0 1 0 0 0 1 0 0 1 0 1 0 0
32459f62247d44d5da83192aa03400e4 0 0 0 0 0 0 0 1 0 0 1 0 1 0 1
091ce012ed7cb036288d2abdb32504c2 0 1 0 0 1 0 1 1 0 0 0 0 1 0 1
0fca086ebe001f784d428aa9973ba691 1 0 1 1 0 0 0 0 0 0 0 0 1 0 0
1a85266eec98f756269a91a56d5fb1a8 1 0 0 1 0 0 0 0 0 0 0 0 1 0 0
011ae9520e81f1efe71c9d954ec07d09 1 0 0 1 0 0 1 1 0 1 1 0 1 0 1
43cbc92d48a9318036e947277c3981fd 0 0 0 0 0 0 0 0 0 1 1 0 1 1 1
55fb526d34d6a1397c64f537883fefec 0 0 1 0 0 0 0 1 0 0 1 0 1 0 1
4869a847a5271f2eeffe65ff1db8a9b1 0 0 0 0 1 0 0 1 0 0 0 0 1 0 0
27b822c5d3b354f096dfb788fd3fa636 1 0 0 0 0 1 0 1 0 1 0 1 1 0 1
27ea40d58f6894394fc2990d739a8c0e 1 0 0 1 0 0 0 0 0 0 1 1 1 0 0
457e53f750c2f152033022e7918cc296 1 0 0 1 0 0 0 1 0 0 1 0 1 0 0
4004f114ab2ecb224ac7484957b79ea4 1 0 1 1 0 0 0 0 0 1 1 0 1 0 0
53be245b32ccb6e9cfd1bee68969fcd5 1 0 1 1 0 0 0 0 0 1 1 0 0 0 0
04d3efc7a608c4d58edb8c1b7f90a708 0 0 0 0 0 0 0 1 0 1 1 1 1 0 0
44e0f233a3ade73cab164079b182bf41 1 0 1 0 0 0 0 0 0 0 0 0 0 0 1
43e11813c6d7bcef779a1a287edc02c4 0 0 0 0 0 0 0 0 0 1 0 0 0 1 0
4b9ee23b2f17c3621158a9bef81cf86b 0 1 0 1 1 0 0 0 0 1 1 0 0 0 0
15a12089e9c773cb200ee8959740e1b3 0 1 0 0 1 0 0 1 0 1 1 1 1 0 0
3b464abb85ca7ca83a105e6057afab52 0 0 0 0 0 0 0 1 0 0 1 0 0 0 0
1245f853816564c0ee3f1b9e93521ff0 1 0 0 0 0 0 1 0 0 0 1 1 1 0 1
5170326726acc5b2f50c4426417f3b23 1 0 1 1 0 0 0 0 0 0 1 0 0 0 1
50b13defc76ed84a3b775856bfda2dfb 0 0 0 0 0 0 0 0 0 0 0 0 1 0 1
3dae58e1cf69a2284f2a44ded5c7405a 1 0 0 0 0 1 0 1 0 0 1 1 1 0 0
04aed38b30c4de9461c8a9940e99d811 0 0 1 1 0 0 0 0 0 1 0 0 1 0 0
0b1b897b1e1e170f1b5fd7aeff553afa 1 1 0 0 1 0 0 1 0 0 0 0 0 0 0
020717d6ab0b440b37978d9bace9f9b2 1 0 0 0 0 0 0 1 0 0 0 0 1 1 1
56c3bbef093e2a2601cf4373aac9ff92 0 0 0 0 0 0 0 1 0 0 1 0 0 0 1
258d918ebb5b4e4d13e381f0df399b5a 0 0 1 0 0 0 0 0 0 1 0 0 0 0 0
